0.021168 0.820487 0.020897 0.039043 -0.569948
0.084157 0.820505 0.020872 0.039053 -0.569922
0.148058 0.820504 0.020888 0.039087 -0.569920
0.212049 0.820512 0.020903 0.039086 -0.569908
0.275962 0.820510 0.020864 0.039045 -0.569916
0.339866 0.820508 0.020837 0.039045 -0.569919
0.403849 0.820506 0.020823 0.038997 -0.569926
0.467781 0.820509 0.020857 0.039043 -0.569917
0.531750 0.820515 0.020859 0.039064 -0.569907
0.595654 0.820536 0.020882 0.039033 -0.569879
0.659585 0.820527 0.020868 0.039024 -0.569892
0.723505 0.820523 0.020829 0.039017 -0.569900
0.787483 0.820539 0.020855 0.039059 -0.569874
0.851375 0.820517 0.020854 0.039031 -0.569906
0.915368 0.820507 0.020874 0.039032 -0.569920
0.979316 0.820496 0.020867 0.039047 -0.569935
1.043247 0.820503 0.020831 0.039050 -0.569926
1.107181 0.820504 0.020880 0.039084 -0.569921
1.171127 0.820506 0.020876 0.039072 -0.569919
1.235099 0.820501 0.020896 0.039118 -0.569922
1.299038 0.820510 0.020890 0.039132 -0.569908
1.362994 0.820510 0.020896 0.039107 -0.569910
1.426949 0.820516 0.020899 0.039123 -0.569901
1.490849 0.820516 0.020901 0.039128 -0.569900
1.554784 0.820521 0.020912 0.039101 -0.569894
1.618741 0.820509 0.020915 0.039137 -0.569908
1.682691 0.820487 0.020932 0.039144 -0.569939
1.746626 0.820501 0.020925 0.039163 -0.569918
1.810577 0.820510 0.020946 0.039166 -0.569905
1.874469 0.820527 0.020939 0.039149 -0.569880
1.938485 0.820523 0.020927 0.039128 -0.569889
2.002383 0.820530 0.020943 0.039114 -0.569879
2.066352 0.820536 0.020926 0.039050 -0.569876
2.130295 0.820522 0.020895 0.039039 -0.569897
2.194193 0.820516 0.020898 0.039026 -0.569907
2.258166 0.820531 0.020910 0.039040 -0.569884
2.322073 0.820512 0.020928 0.039054 -0.569910
2.386053 0.820504 0.020933 0.039106 -0.569917
2.449956 0.820507 0.020913 0.039075 -0.569917
2.513936 0.820498 0.020918 0.039065 -0.569930
2.577845 0.820493 0.020903 0.039038 -0.569938
2.641768 0.820497 0.020886 0.039050 -0.569934
2.705764 0.820496 0.020861 0.039069 -0.569934
2.769673 0.820487 0.020860 0.039040 -0.569949
2.833658 0.820496 0.020873 0.039030 -0.569936
2.897590 0.820506 0.020886 0.039063 -0.569919
2.961500 0.820537 0.020931 0.039073 -0.569872
3.025424 0.820535 0.020917 0.039072 -0.569875
3.089444 0.820519 0.020906 0.039053 -0.569900
3.153328 0.820519 0.020908 0.039057 -0.569901
3.217267 0.820502 0.020872 0.039035 -0.569926
3.281212 0.820514 0.020872 0.039058 -0.569908
3.345163 0.820512 0.020899 0.039055 -0.569910
3.409088 0.820528 0.020838 0.039017 -0.569893
3.473032 0.820524 0.020810 0.039027 -0.569898
3.537010 0.820533 0.020826 0.039034 -0.569885
3.600894 0.820523 0.020847 0.039037 -0.569898
3.664835 0.820519 0.020841 0.039001 -0.569907
3.728813 0.820507 0.020820 0.039014 -0.569923
3.792751 0.820523 0.020789 0.039026 -0.569900
3.856718 0.820507 0.020761 0.039004 -0.569926
3.920639 0.820508 0.020768 0.039005 -0.569924
3.984553 0.820528 0.020807 0.039018 -0.569894
4.048556 0.820513 0.020783 0.039003 -0.569917
4.112439 0.820520 0.020750 0.038967 -0.569911
4.176393 0.819406 0.020824 0.038844 -0.571517
4.240369 0.817919 0.020918 0.038867 -0.573638
4.304238 0.817427 0.020970 0.038863 -0.574337
4.368203 0.817186 0.020989 0.038834 -0.574681
4.432240 0.817073 0.020976 0.038873 -0.574839
4.496080 0.816976 0.021010 0.038876 -0.574976
4.560092 0.822193 0.020578 0.039225 -0.567471
4.623930 0.842104 0.018769 0.039337 -0.537551
4.687894 0.849691 0.018324 0.039654 -0.525467
4.751894 0.851626 0.018009 0.039757 -0.522330
4.815834 0.852149 0.017970 0.039657 -0.521485
4.879767 0.852365 0.018074 0.039713 -0.521123
4.944197 0.851482 0.018054 0.039741 -0.522562
5.008067 0.829327 0.020489 0.039525 -0.556988
5.072024 0.807058 0.022041 0.039170 -0.588754
5.135552 0.800210 0.022733 0.039059 -0.598014
5.199498 0.798302 0.023010 0.038748 -0.600569
5.263359 0.797715 0.022835 0.038963 -0.601342
5.327332 0.797446 0.022965 0.038848 -0.601701
5.391314 0.797463 0.022994 0.038790 -0.601681
5.455253 0.797393 0.022921 0.039024 -0.601760
5.519185 0.800196 0.022770 0.039095 -0.598027
5.583134 0.804404 0.022400 0.039014 -0.592378
5.647088 0.805538 0.022261 0.039239 -0.590825
5.711021 0.805927 0.022305 0.039220 -0.590293
5.774925 0.806132 0.022269 0.039169 -0.590017
5.838892 0.806170 0.022198 0.039338 -0.589957
5.902826 0.809561 0.022012 0.039491 -0.585287
5.966800 0.816410 0.021380 0.039465 -0.575725
6.030731 0.817941 0.021223 0.039641 -0.573541
6.094623 0.818408 0.021259 0.039674 -0.572872
6.158563 0.818579 0.021213 0.039633 -0.572632
6.222561 0.818641 0.021182 0.039684 -0.572541
6.286482 0.818669 0.021262 0.039676 -0.572498
6.350463 0.818663 0.021224 0.039660 -0.572509
6.414392 0.818704 0.021213 0.039718 -0.572447
6.478323 0.818669 0.021283 0.039732 -0.572494
6.542269 0.818718 0.021189 0.039683 -0.572431
6.606214 0.818684 0.021187 0.039700 -0.572478
6.670169 0.818689 0.021216 0.039684 -0.572472
6.734078 0.818690 0.021176 0.039686 -0.572472
6.798010 0.818660 0.021199 0.039672 -0.572515
6.861997 0.818667 0.021191 0.039684 -0.572504
6.926423 0.818663 0.021188 0.039695 -0.572509
6.990242 0.818683 0.021209 0.039684 -0.572480
7.054206 0.818665 0.021226 0.039690 -0.572505
7.117756 0.818689 0.021167 0.039658 -0.572475
7.181702 0.818677 0.021209 0.039621 -0.572492
7.245623 0.818694 0.021184 0.039543 -0.572475
7.309535 0.818677 0.021201 0.039527 -0.572500
7.373512 0.818665 0.021205 0.039543 -0.572516
7.437411 0.818658 0.021275 0.039545 -0.572523
7.501390 0.818660 0.021285 0.039580 -0.572517
7.565317 0.818681 0.021290 0.039557 -0.572488
7.629294 0.818680 0.021283 0.039531 -0.572492
7.693218 0.818675 0.021278 0.039521 -0.572500
7.757113 0.818658 0.021255 0.039497 -0.572526
7.821074 0.818674 0.021243 0.039519 -0.572503
7.884993 0.818666 0.021290 0.039523 -0.572513
7.948944 0.818669 0.021246 0.039499 -0.572512
8.012948 0.818660 0.021240 0.039524 -0.572524
8.076856 0.818646 0.021261 0.039488 -0.572544
8.140816 0.818662 0.021296 0.039469 -0.572522
8.204686 0.818669 0.021345 0.039436 -0.572512
8.268687 0.818658 0.021337 0.039427 -0.572530
8.332657 0.818656 0.021325 0.039443 -0.572531
8.396511 0.818666 0.021287 0.039468 -0.572516
8.460456 0.818662 0.021269 0.039493 -0.572521
8.524991 0.818665 0.021302 0.039496 -0.572515
8.588858 0.818674 0.021266 0.039506 -0.572504
8.652631 0.818648 0.021229 0.039533 -0.572541
8.716301 0.818658 0.021235 0.039577 -0.572522
8.780251 0.818667 0.021214 0.039568 -0.572512
8.844188 0.818683 0.021200 0.039562 -0.572489
8.908057 0.818674 0.021218 0.039590 -0.572499
8.972065 0.818677 0.021199 0.039573 -0.572497
9.035947 0.818674 0.021196 0.039597 -0.572499
9.099879 0.818672 0.021232 0.039600 -0.572501
9.163862 0.818677 0.021233 0.039614 -0.572493
9.227819 0.818674 0.021232 0.039614 -0.572497
9.291741 0.818645 0.021223 0.039599 -0.572541
9.355726 0.818646 0.021244 0.039568 -0.572539
9.419625 0.818652 0.021233 0.039570 -0.572532
9.483596 0.818662 0.021229 0.039541 -0.572519
9.547517 0.818664 0.021218 0.039567 -0.572515
9.611441 0.818659 0.021211 0.039586 -0.572521
9.675418 0.818671 0.021215 0.039579 -0.572504
9.739349 0.818661 0.021219 0.039559 -0.572520
9.803265 0.818686 0.021194 0.039534 -0.572487
9.867251 0.818664 0.021215 0.039522 -0.572519
9.931195 0.818668 0.021208 0.039542 -0.572512
9.995120 0.818671 0.021179 0.039531 -0.572508
10.058988 0.818677 0.021178 0.039541 -0.572500
10.122984 0.818674 0.021140 0.039514 -0.572507
10.186911 0.818652 0.021141 0.039541 -0.572537
10.250834 0.818663 0.021150 0.039542 -0.572521
10.314814 0.818664 0.021150 0.039590 -0.572517
10.378740 0.818665 0.021182 0.039593 -0.572513
10.442699 0.818660 0.021145 0.039600 -0.572521
10.506681 0.818661 0.021187 0.039641 -0.572515
10.570537 0.818652 0.021221 0.039700 -0.572522
10.634504 0.818668 0.021177 0.039676 -0.572503
10.698376 0.818673 0.021166 0.039703 -0.572494
10.762340 0.818683 0.021133 0.039662 -0.572484
10.826362 0.818671 0.021168 0.039667 -0.572500
10.890321 0.818670 0.021188 0.039685 -0.572499
10.954264 0.818689 0.021205 0.039698 -0.572471
11.018191 0.818661 0.021219 0.039707 -0.572509
11.082121 0.818659 0.021239 0.039716 -0.572510
11.146086 0.818664 0.021245 0.039732 -0.572503
11.210020 0.818676 0.021241 0.039751 -0.572485
11.273979 0.818680 0.021255 0.039736 -0.572479
11.337927 0.818680 0.021255 0.039733 -0.572480
11.401830 0.818669 0.021255 0.039748 -0.572495
11.465814 0.818662 0.021252 0.039734 -0.572505
11.529686 0.818651 0.021265 0.039735 -0.572521
11.593639 0.818668 0.021290 0.039744 -0.572495
11.658292 0.818666 0.021318 0.039778 -0.572495
11.722033 0.818644 0.021333 0.039777 -0.572524
11.785721 0.818655 0.021300 0.039746 -0.572512
11.849456 0.818669 0.021317 0.039728 -0.572494
11.913346 0.818680 0.021347 0.039750 -0.572475
11.977291 0.818676 0.021359 0.039765 -0.572479
12.041290 0.818649 0.021336 0.039746 -0.572519
12.105161 0.818674 0.021331 0.039739 -0.572485
12.169164 0.818650 0.021355 0.039729 -0.572518
12.233093 0.818647 0.021382 0.039739 -0.572521
12.296982 0.818646 0.021371 0.039713 -0.572525
12.360923 0.818675 0.021378 0.039723 -0.572482
12.424926 0.818674 0.021390 0.039729 -0.572482
12.488843 0.818693 0.021387 0.039730 -0.572456
12.552786 0.818706 0.021395 0.039715 -0.572438
12.616758 0.818715 0.021407 0.039689 -0.572428
12.680670 0.818681 0.021400 0.039709 -0.572474
12.744620 0.818670 0.021437 0.039754 -0.572486
12.808584 0.818663 0.021421 0.039720 -0.572498
12.872510 0.818653 0.021407 0.039700 -0.572514
12.936405 0.818645 0.021380 0.039698 -0.572528
13.000424 0.818623 0.021380 0.039725 -0.572557
13.064361 0.818637 0.021389 0.039718 -0.572536
13.128273 0.818643 0.021329 0.039677 -0.572533
13.192237 0.818652 0.021312 0.039694 -0.572521
13.256186 0.818659 0.021308 0.039724 -0.572508
13.320085 0.818651 0.021358 0.039757 -0.572516
13.384049 0.818642 0.021377 0.039764 -0.572528
13.448004 0.818653 0.021385 0.039773 -0.572510
13.511889 0.818666 0.021382 0.039752 -0.572493
13.575907 0.818671 0.021363 0.039712 -0.572489
13.639840 0.818657 0.021360 0.039708 -0.572509
13.703767 0.818661 0.021396 0.039717 -0.572502
13.767678 0.818654 0.021381 0.039690 -0.572514
13.831609 0.818666 0.021357 0.039651 -0.572501
13.895539 0.818690 0.021329 0.039640 -0.572469
13.959533 0.818692 0.021296 0.039607 -0.572470
14.023453 0.818705 0.021339 0.039595 -0.572450
14.087369 0.818677 0.021312 0.039573 -0.572492
14.151332 0.818686 0.021321 0.039595 -0.572478
14.215289 0.818659 0.021325 0.039603 -0.572516
14.279211 0.818640 0.021310 0.039593 -0.572544
14.343121 0.818656 0.021324 0.039563 -0.572523
14.407090 0.818663 0.021304 0.039557 -0.572513
14.471085 0.818646 0.021267 0.039529 -0.572542
14.534994 0.818660 0.021260 0.039503 -0.572524
14.598996 0.818670 0.021250 0.039445 -0.572514
14.662875 0.818672 0.021246 0.039412 -0.572514
14.726827 0.818676 0.021212 0.039402 -0.572510
14.790785 0.818667 0.021193 0.039387 -0.572524
14.854696 0.818673 0.021168 0.039373 -0.572518
14.918654 0.818667 0.021204 0.039362 -0.572524
14.982593 0.818693 0.021200 0.039294 -0.572494
15.046558 0.818691 0.021219 0.039332 -0.572493
15.110470 0.818673 0.021235 0.039383 -0.572514
15.174386 0.818672 0.021215 0.039363 -0.572518
15.238359 0.818680 0.021185 0.039319 -0.572512
15.302318 0.818664 0.021154 0.039314 -0.572535
15.366956 0.818664 0.021155 0.039312 -0.572534
15.430626 0.818670 0.021167 0.039289 -0.572528
15.494554 0.818655 0.021165 0.039310 -0.572547
15.558371 0.818660 0.021214 0.039306 -0.572538
15.622023 0.818670 0.021208 0.039271 -0.572527
15.685963 0.818669 0.021214 0.039302 -0.572527
15.749921 0.818651 0.021243 0.039317 -0.572550
15.813863 0.818682 0.021265 0.039298 -0.572505
15.877754 0.818697 0.021233 0.039270 -0.572488
15.941715 0.818679 0.021226 0.039258 -0.572515
16.005691 0.818675 0.021196 0.039228 -0.572525
16.069600 0.818661 0.021184 0.039227 -0.572543
16.133511 0.818669 0.021193 0.039211 -0.572533
16.197483 0.818669 0.021213 0.039267 -0.572529
16.261460 0.818667 0.021245 0.039257 -0.572532
16.325340 0.818667 0.021249 0.039247 -0.572531
16.389223 0.818690 0.021248 0.039272 -0.572497
16.453275 0.818666 0.021252 0.039259 -0.572533
16.517162 0.818694 0.021253 0.039246 -0.572492
16.581185 0.818694 0.021262 0.039287 -0.572490
16.645089 0.818675 0.021270 0.039316 -0.572514
16.709044 0.818674 0.021265 0.039311 -0.572516
16.772999 0.818664 0.021303 0.039335 -0.572528
16.836922 0.818660 0.021328 0.039351 -0.572531
16.900870 0.818669 0.021334 0.039339 -0.572519
16.964754 0.818676 0.021332 0.039308 -0.572512
17.028698 0.818673 0.021350 0.039278 -0.572517
17.092713 0.818678 0.021363 0.039287 -0.572509
17.156603 0.818646 0.021370 0.039298 -0.572554
17.220551 0.818660 0.021366 0.039336 -0.572531
17.284466 0.818664 0.021393 0.039369 -0.572522
17.348440 0.818666 0.021419 0.039375 -0.572518
17.412349 0.818676 0.021466 0.039380 -0.572501
17.476260 0.818686 0.021474 0.039336 -0.572490
17.540241 0.818683 0.021496 0.039352 -0.572493
17.604236 0.818678 0.021515 0.039356 -0.572499
17.668144 0.818678 0.021487 0.039381 -0.572498
17.732086 0.818662 0.021467 0.039359 -0.572523
17.796063 0.818649 0.021513 0.039345 -0.572542
17.859975 0.818644 0.021571 0.039360 -0.572545
17.923886 0.818645 0.021569 0.039387 -0.572542
17.987847 0.818636 0.021566 0.039365 -0.572556
18.051838 0.818666 0.021561 0.039384 -0.572512
18.115765 0.818663 0.021542 0.039350 -0.572519
18.179699 0.818670 0.021521 0.039373 -0.572507
18.243637 0.818661 0.021532 0.039384 -0.572521
18.307582 0.818660 0.021472 0.039360 -0.572525
18.371552 0.818664 0.021442 0.039383 -0.572519
18.435433 0.818680 0.021453 0.039365 -0.572497
18.499398 0.818681 0.021473 0.039387 -0.572494
18.563324 0.818676 0.021522 0.039427 -0.572495
18.627313 0.818690 0.021525 0.039438 -0.572475
18.691241 0.818678 0.021538 0.039419 -0.572492
18.755178 0.818676 0.021519 0.039386 -0.572499
18.819051 0.818659 0.021483 0.039351 -0.572526
18.883075 0.818667 0.021480 0.039335 -0.572517
18.947011 0.818644 0.021466 0.039351 -0.572549
19.010961 0.818649 0.021429 0.039360 -0.572543
19.074885 0.818648 0.021430 0.039331 -0.572546
19.138821 0.818664 0.021427 0.039356 -0.572522
19.202796 0.818675 0.021424 0.039371 -0.572505
19.266699 0.818686 0.021389 0.039404 -0.572489
19.330623 0.818673 0.021381 0.039418 -0.572507
19.394596 0.818674 0.021360 0.039368 -0.572509
19.458504 0.818675 0.021365 0.039366 -0.572507
19.522426 0.818664 0.021372 0.039402 -0.572522
19.586443 0.818673 0.021371 0.039387 -0.572509
19.650342 0.818679 0.021335 0.039391 -0.572501
19.714247 0.818693 0.021323 0.039376 -0.572483
19.778233 0.818696 0.021316 0.039347 -0.572481
19.842130 0.818699 0.021304 0.039402 -0.572473
19.906147 0.818674 0.021301 0.039366 -0.572512
19.970039 0.818664 0.021297 0.039351 -0.572528
20.034025 0.818649 0.021315 0.039326 -0.572549
20.097945 0.818644 0.021332 0.039351 -0.572555
20.161908 0.818674 0.021328 0.039312 -0.572514
20.225858 0.818662 0.021346 0.039304 -0.572532
20.289756 0.818652 0.021356 0.039283 -0.572547
20.353690 0.818650 0.021360 0.039296 -0.572549
20.417663 0.818680 0.021334 0.039268 -0.572508
20.481597 0.818667 0.021326 0.039273 -0.572528
20.545549 0.818686 0.021325 0.039265 -0.572501
20.609431 0.818689 0.021330 0.039259 -0.572495
20.673432 0.818689 0.021365 0.039265 -0.572494
20.737398 0.818701 0.021387 0.039249 -0.572477
20.801297 0.818692 0.021398 0.039216 -0.572493
20.865278 0.818695 0.021379 0.039194 -0.572490
20.929173 0.818683 0.021398 0.039224 -0.572505
20.993127 0.818672 0.021409 0.039215 -0.572521
21.057091 0.818671 0.021380 0.039199 -0.572525
21.121013 0.818685 0.021350 0.039194 -0.572506
21.184923 0.818655 0.021372 0.039198 -0.572547
21.248846 0.818666 0.021386 0.039253 -0.572528
21.312709 0.818649 0.021365 0.039254 -0.572552
21.376700 0.818660 0.021377 0.039267 -0.572536
21.440696 0.818661 0.021418 0.039267 -0.572532
21.504697 0.818656 0.021415 0.039273 -0.572540
21.568540 0.818652 0.021442 0.039303 -0.572541
21.632554 0.818642 0.021463 0.039362 -0.572552
21.696486 0.818665 0.021482 0.039343 -0.572519
21.760426 0.818649 0.021499 0.039359 -0.572541
21.824395 0.818643 0.021491 0.039317 -0.572552
21.888358 0.818645 0.021484 0.039306 -0.572550
21.952301 0.818659 0.021549 0.039313 -0.572527
22.016205 0.818650 0.021568 0.039316 -0.572539
22.080061 0.818655 0.021592 0.039359 -0.572528
22.144329 0.818650 0.021600 0.039352 -0.572535
22.208663 0.818639 0.021571 0.039376 -0.572551
22.272348 0.818654 0.021559 0.039367 -0.572531
22.336135 0.818657 0.021556 0.039407 -0.572524
22.399799 0.818669 0.021577 0.039439 -0.572504
22.463672 0.818665 0.021596 0.039443 -0.572508
22.527600 0.818662 0.021609 0.039454 -0.572510
22.592425 0.818658 0.021624 0.039449 -0.572516
22.656180 0.818652 0.021629 0.039450 -0.572526
22.720006 0.818661 0.021617 0.039433 -0.572514
22.783813 0.818667 0.021643 0.039452 -0.572503
22.847440 0.818691 0.021610 0.039434 -0.572471
22.911395 0.818692 0.021606 0.039397 -0.572473
22.975347 0.818678 0.021601 0.039411 -0.572491
23.039304 0.818659 0.021618 0.039398 -0.572519
23.103208 0.818676 0.021661 0.039429 -0.572491
23.167171 0.818669 0.021658 0.039463 -0.572500
23.231121 0.818664 0.021656 0.039460 -0.572506
23.295025 0.818649 0.021655 0.039468 -0.572526
23.359005 0.818638 0.021638 0.039440 -0.572545
23.422911 0.818638 0.021668 0.039453 -0.572544
23.486875 0.818640 0.021627 0.039432 -0.572543
23.550833 0.818650 0.021606 0.039398 -0.572532
23.614722 0.818651 0.021581 0.039380 -0.572533
23.678719 0.818653 0.021614 0.039402 -0.572527
23.742580 0.818646 0.021626 0.039426 -0.572536
23.806512 0.818646 0.021595 0.039422 -0.572537
23.870471 0.818632 0.021605 0.039470 -0.572553
23.934484 0.818637 0.021595 0.039468 -0.572546
23.998357 0.818643 0.021583 0.039465 -0.572538
24.062305 0.818666 0.021576 0.039468 -0.572506
24.126305 0.818654 0.021601 0.039501 -0.572519
24.190275 0.818654 0.021600 0.039482 -0.572520
24.254110 0.818648 0.021612 0.039475 -0.572529
24.318585 0.818658 0.021584 0.039474 -0.572515
24.382532 0.818669 0.021622 0.039519 -0.572496
24.446183 0.818668 0.021602 0.039543 -0.572497
24.509955 0.818663 0.021613 0.039557 -0.572503
24.573922 0.818641 0.021598 0.039580 -0.572534
24.637791 0.818647 0.021602 0.039555 -0.572527
24.702474 0.818646 0.021614 0.039575 -0.572526
24.766192 0.818633 0.021623 0.039553 -0.572546
24.830106 0.818642 0.021598 0.039539 -0.572534
24.893626 0.818653 0.021559 0.039549 -0.572519
24.957580 0.818662 0.021558 0.039516 -0.572509
25.021513 0.818682 0.021561 0.039529 -0.572479
25.085404 0.818686 0.021537 0.039512 -0.572476
25.149376 0.818676 0.021545 0.039549 -0.572487
25.213343 0.818680 0.021527 0.039556 -0.572482
25.277275 0.818644 0.021561 0.039604 -0.572529
25.341173 0.818634 0.021573 0.039628 -0.572540
25.405148 0.818630 0.021624 0.039633 -0.572544
25.469098 0.818639 0.021644 0.039638 -0.572530
25.533129 0.818640 0.021662 0.039632 -0.572528
25.596919 0.818648 0.021651 0.039579 -0.572521
25.660950 0.818661 0.021615 0.039557 -0.572505
25.724818 0.818648 0.021637 0.039530 -0.572525
25.788800 0.818664 0.021660 0.039557 -0.572498
25.852719 0.818659 0.021662 0.039545 -0.572507
25.916690 0.818657 0.021677 0.039550 -0.572510
25.980596 0.818650 0.021674 0.039558 -0.572517
26.044574 0.818671 0.021670 0.039538 -0.572491
26.108544 0.818675 0.021707 0.039557 -0.572481
26.172460 0.818667 0.021720 0.039550 -0.572493
26.236384 0.818669 0.021703 0.039532 -0.572492
26.300347 0.818666 0.021696 0.039548 -0.572496
26.364291 0.818626 0.021713 0.039558 -0.572552
26.428226 0.818627 0.021758 0.039562 -0.572548
26.492183 0.818630 0.021778 0.039580 -0.572541
26.556053 0.818631 0.021803 0.039564 -0.572540
26.620038 0.818654 0.021830 0.039593 -0.572505
26.684022 0.818647 0.021794 0.039611 -0.572515
26.747898 0.818661 0.021819 0.039657 -0.572490
26.811842 0.818652 0.021812 0.039650 -0.572504
26.875832 0.818652 0.021781 0.039658 -0.572504
26.939750 0.818650 0.021817 0.039652 -0.572506
27.003659 0.818638 0.021813 0.039648 -0.572524
27.067644 0.818632 0.021824 0.039639 -0.572533
27.131572 0.818637 0.021835 0.039632 -0.572526
27.195501 0.818643 0.021877 0.039659 -0.572513
27.259460 0.818642 0.021869 0.039611 -0.572519
27.323362 0.818635 0.021835 0.039634 -0.572528
27.387277 0.818645 0.021830 0.039638 -0.572515
27.451220 0.818650 0.021842 0.039684 -0.572503
27.515222 0.818647 0.021865 0.039698 -0.572506
27.579177 0.818639 0.021851 0.039633 -0.572521
27.643036 0.818629 0.021859 0.039607 -0.572538
27.706953 0.818644 0.021853 0.039662 -0.572513
27.770909 0.818651 0.021834 0.039658 -0.572504
27.834842 0.818663 0.021843 0.039683 -0.572486
27.898734 0.818662 0.021833 0.039623 -0.572491
27.962719 0.818659 0.021834 0.039612 -0.572496
28.026595 0.818656 0.021814 0.039597 -0.572502
28.090688 0.818675 0.021784 0.039589 -0.572477
28.154603 0.818664 0.021768 0.039608 -0.572492
28.219274 0.818643 0.021793 0.039629 -0.572520
28.282951 0.818655 0.021862 0.039632 -0.572499
28.346945 0.818655 0.021906 0.039627 -0.572498
28.410651 0.818663 0.021912 0.039628 -0.572486
28.474371 0.818659 0.021904 0.039647 -0.572492
28.538255 0.818647 0.021881 0.039638 -0.572509
28.602198 0.818661 0.021884 0.039631 -0.572489
28.666176 0.818654 0.021888 0.039658 -0.572499
28.730146 0.818646 0.021857 0.039640 -0.572511
28.794078 0.818646 0.021838 0.039690 -0.572509
28.857991 0.818655 0.021861 0.039702 -0.572495
28.921943 0.818655 0.021884 0.039704 -0.572494
28.985939 0.818671 0.021854 0.039689 -0.572472
29.050478 0.818658 0.021851 0.039715 -0.572490
29.114189 0.818673 0.021839 0.039771 -0.572465
29.178164 0.818660 0.021837 0.039730 -0.572486
29.241983 0.818648 0.021818 0.039760 -0.572502
29.305603 0.818642 0.021818 0.039778 -0.572510
29.369470 0.818613 0.021813 0.039787 -0.572551
29.433510 0.818615 0.021796 0.039774 -0.572548
29.497430 0.818629 0.021819 0.039795 -0.572527
29.561363 0.818647 0.021833 0.039807 -0.572499
29.625325 0.818651 0.021806 0.039802 -0.572494
29.689235 0.818649 0.021782 0.039787 -0.572500
29.753119 0.818655 0.021741 0.039789 -0.572493
29.817174 0.818646 0.021728 0.039797 -0.572506
29.881028 0.818653 0.021732 0.039770 -0.572497
29.945034 0.818633 0.021741 0.039783 -0.572524
29.983378 0.818631 0.021723 0.039796 -0.572528
29.983378 0.818631 0.021723 0.039796 -0.572528
29.983378 0.818631 0.021723 0.039796 -0.572528
29.983378 0.818631 0.021723 0.039796 -0.572528
29.983378 0.818631 0.021723 0.039796 -0.572528
29.983378 0.818631 0.021723 0.039796 -0.572528
29.983378 0.818631 0.021723 0.039796 -0.572528
29.983378 0.818631 0.021723 0.039796 -0.572528
29.983378 0.818631 0.021723 0.039796 -0.572528
29.983378 0.818631 0.021723 0.039796 -0.572528
29.983378 0.818631 0.021723 0.039796 -0.572528
29.983378 0.818631 0.021723 0.039796 -0.572528
29.983378 0.818631 0.021723 0.039796 -0.572528
29.983378 0.818631 0.021723 0.039796 -0.572528
29.983378 0.818631 0.021723 0.039796 -0.572528
29.983378 0.818631 0.021723 0.039796 -0.572528
29.983378 0.818631 0.021723 0.039796 -0.572528
29.983378 0.818631 0.021723 0.039796 -0.572528
29.983378 0.818631 0.021723 0.039796 -0.572528
29.983378 0.818631 0.021723 0.039796 -0.572528
29.983378 0.818631 0.021723 0.039796 -0.572528
29.983378 0.818631 0.021723 0.039796 -0.572528
29.983378 0.818631 0.021723 0.039796 -0.572528
29.983378 0.818631 0.021723 0.039796 -0.572528
29.983378 0.818631 0.021723 0.039796 -0.572528
29.983378 0.818631 0.021723 0.039796 -0.572528
29.983378 0.818631 0.021723 0.039796 -0.572528
29.983378 0.818631 0.021723 0.039796 -0.572528
29.983378 0.818631 0.021723 0.039796 -0.572528
29.983378 0.818631 0.021723 0.039796 -0.572528
29.983378 0.818631 0.021723 0.039796 -0.572528
29.983378 0.818631 0.021723 0.039796 -0.572528
29.983378 0.818631 0.021723 0.039796 -0.572528
29.983378 0.818631 0.021723 0.039796 -0.572528
29.983378 0.818631 0.021723 0.039796 -0.572528
29.983378 0.818631 0.021723 0.039796 -0.572528
29.983378 0.818631 0.021723 0.039796 -0.572528
29.983378 0.818631 0.021723 0.039796 -0.572528
29.983378 0.818631 0.021723 0.039796 -0.572528
29.983378 0.818631 0.021723 0.039796 -0.572528
29.983378 0.818631 0.021723 0.039796 -0.572528
29.983378 0.818631 0.021723 0.039796 -0.572528
29.983378 0.818631 0.021723 0.039796 -0.572528
29.983378 0.818631 0.021723 0.039796 -0.572528
29.983378 0.818631 0.021723 0.039796 -0.572528
29.983378 0.818631 0.021723 0.039796 -0.572528
29.983378 0.818631 0.021723 0.039796 -0.572528
29.983378 0.818631 0.021723 0.039796 -0.572528
29.983378 0.818631 0.021723 0.039796 -0.572528
29.983378 0.818631 0.021723 0.039796 -0.572528
29.983378 0.818631 0.021723 0.039796 -0.572528
29.983378 0.818631 0.021723 0.039796 -0.572528
29.983378 0.818631 0.021723 0.039796 -0.572528
29.983378 0.818631 0.021723 0.039796 -0.572528
29.983378 0.818631 0.021723 0.039796 -0.572528
29.983378 0.818631 0.021723 0.039796 -0.572528
29.983378 0.818631 0.021723 0.039796 -0.572528
29.983378 0.818631 0.021723 0.039796 -0.572528
29.983378 0.818631 0.021723 0.039796 -0.572528
29.983378 0.818631 0.021723 0.039796 -0.572528
29.983378 0.818631 0.021723 0.039796 -0.572528
29.983378 0.818631 0.021723 0.039796 -0.572528
29.983378 0.818631 0.021723 0.039796 -0.572528
29.983378 0.818631 0.021723 0.039796 -0.572528
29.983378 0.818631 0.021723 0.039796 -0.572528
29.983378 0.818631 0.021723 0.039796 -0.572528
29.983378 0.818631 0.021723 0.039796 -0.572528
29.983378 0.818631 0.021723 0.039796 -0.572528
29.983378 0.818631 0.021723 0.039796 -0.572528
29.983378 0.818631 0.021723 0.039796 -0.572528
29.983378 0.818631 0.021723 0.039796 -0.572528
29.983378 0.818631 0.021723 0.039796 -0.572528
29.983378 0.818631 0.021723 0.039796 -0.572528
29.983378 0.818631 0.021723 0.039796 -0.572528
29.983378 0.818631 0.021723 0.039796 -0.572528
29.983378 0.818631 0.021723 0.039796 -0.572528
29.983378 0.818631 0.021723 0.039796 -0.572528
29.983378 0.818631 0.021723 0.039796 -0.572528
29.983378 0.818631 0.021723 0.039796 -0.572528
29.983378 0.818631 0.021723 0.039796 -0.572528
29.983378 0.818631 0.021723 0.039796 -0.572528
29.983378 0.818631 0.021723 0.039796 -0.572528
29.983378 0.818631 0.021723 0.039796 -0.572528
29.983378 0.818631 0.021723 0.039796 -0.572528
29.983378 0.818631 0.021723 0.039796 -0.572528
29.983378 0.818631 0.021723 0.039796 -0.572528
29.983378 0.818631 0.021723 0.039796 -0.572528
29.983378 0.818631 0.021723 0.039796 -0.572528
29.983378 0.818631 0.021723 0.039796 -0.572528
29.983378 0.818631 0.021723 0.039796 -0.572528
29.983378 0.818631 0.021723 0.039796 -0.572528
29.983378 0.818631 0.021723 0.039796 -0.572528
29.983378 0.818631 0.021723 0.039796 -0.572528
29.983378 0.818631 0.021723 0.039796 -0.572528
29.983378 0.818631 0.021723 0.039796 -0.572528
29.983378 0.818631 0.021723 0.039796 -0.572528
29.983378 0.818631 0.021723 0.039796 -0.572528
29.983378 0.818631 0.021723 0.039796 -0.572528
29.983378 0.818631 0.021723 0.039796 -0.572528
29.983378 0.818631 0.021723 0.039796 -0.572528
29.983378 0.818631 0.021723 0.039796 -0.572528
29.983378 0.818631 0.021723 0.039796 -0.572528
29.983378 0.818631 0.021723 0.039796 -0.572528
29.983378 0.818631 0.021723 0.039796 -0.572528
29.983378 0.818631 0.021723 0.039796 -0.572528
29.983378 0.818631 0.021723 0.039796 -0.572528
29.983378 0.818631 0.021723 0.039796 -0.572528
29.983378 0.818631 0.021723 0.039796 -0.572528
29.983378 0.818631 0.021723 0.039796 -0.572528
29.983378 0.818631 0.021723 0.039796 -0.572528
29.983378 0.818631 0.021723 0.039796 -0.572528
29.983378 0.818631 0.021723 0.039796 -0.572528
29.983378 0.818631 0.021723 0.039796 -0.572528
29.983378 0.818631 0.021723 0.039796 -0.572528
29.983378 0.818631 0.021723 0.039796 -0.572528
29.983378 0.818631 0.021723 0.039796 -0.572528
29.983378 0.818631 0.021723 0.039796 -0.572528
29.983378 0.818631 0.021723 0.039796 -0.572528
29.983378 0.818631 0.021723 0.039796 -0.572528
29.983378 0.818631 0.021723 0.039796 -0.572528
29.983378 0.818631 0.021723 0.039796 -0.572528
29.983378 0.818631 0.021723 0.039796 -0.572528
29.983378 0.818631 0.021723 0.039796 -0.572528
29.983378 0.818631 0.021723 0.039796 -0.572528
29.983378 0.818631 0.021723 0.039796 -0.572528
29.983378 0.818631 0.021723 0.039796 -0.572528
29.983378 0.818631 0.021723 0.039796 -0.572528
29.983378 0.818631 0.021723 0.039796 -0.572528
29.983378 0.818631 0.021723 0.039796 -0.572528
29.983378 0.818631 0.021723 0.039796 -0.572528
29.983378 0.818631 0.021723 0.039796 -0.572528
29.983378 0.818631 0.021723 0.039796 -0.572528
29.983378 0.818631 0.021723 0.039796 -0.572528
29.983378 0.818631 0.021723 0.039796 -0.572528
29.983378 0.818631 0.021723 0.039796 -0.572528
29.983378 0.818631 0.021723 0.039796 -0.572528
29.983378 0.818631 0.021723 0.039796 -0.572528
29.983378 0.818631 0.021723 0.039796 -0.572528
29.983378 0.818631 0.021723 0.039796 -0.572528
29.983378 0.818631 0.021723 0.039796 -0.572528
29.983378 0.818631 0.021723 0.039796 -0.572528
29.983378 0.818631 0.021723 0.039796 -0.572528
29.983378 0.818631 0.021723 0.039796 -0.572528
29.983378 0.818631 0.021723 0.039796 -0.572528
29.983378 0.818631 0.021723 0.039796 -0.572528
29.983378 0.818631 0.021723 0.039796 -0.572528
29.983378 0.818631 0.021723 0.039796 -0.572528
29.983378 0.818631 0.021723 0.039796 -0.572528
29.983378 0.818631 0.021723 0.039796 -0.572528
29.983378 0.818631 0.021723 0.039796 -0.572528
29.983378 0.818631 0.021723 0.039796 -0.572528
29.983378 0.818631 0.021723 0.039796 -0.572528
29.983378 0.818631 0.021723 0.039796 -0.572528
29.983378 0.818631 0.021723 0.039796 -0.572528
29.983378 0.818631 0.021723 0.039796 -0.572528
29.983378 0.818631 0.021723 0.039796 -0.572528
29.983378 0.818631 0.021723 0.039796 -0.572528
29.983378 0.818631 0.021723 0.039796 -0.572528
29.983378 0.818631 0.021723 0.039796 -0.572528
29.983378 0.818631 0.021723 0.039796 -0.572528
29.983378 0.818631 0.021723 0.039796 -0.572528
29.983378 0.818631 0.021723 0.039796 -0.572528
29.983378 0.818631 0.021723 0.039796 -0.572528
29.983378 0.818631 0.021723 0.039796 -0.572528
29.983378 0.818631 0.021723 0.039796 -0.572528
29.983378 0.818631 0.021723 0.039796 -0.572528
29.983378 0.818631 0.021723 0.039796 -0.572528
29.983378 0.818631 0.021723 0.039796 -0.572528
29.983378 0.818631 0.021723 0.039796 -0.572528
29.983378 0.818631 0.021723 0.039796 -0.572528
29.983378 0.818631 0.021723 0.039796 -0.572528
29.983378 0.818631 0.021723 0.039796 -0.572528
29.983378 0.818631 0.021723 0.039796 -0.572528
29.983378 0.818631 0.021723 0.039796 -0.572528
29.983378 0.818631 0.021723 0.039796 -0.572528
29.983378 0.818631 0.021723 0.039796 -0.572528
29.983378 0.818631 0.021723 0.039796 -0.572528
29.983378 0.818631 0.021723 0.039796 -0.572528
29.983378 0.818631 0.021723 0.039796 -0.572528
29.983378 0.818631 0.021723 0.039796 -0.572528
29.983378 0.818631 0.021723 0.039796 -0.572528
29.983378 0.818631 0.021723 0.039796 -0.572528
29.983378 0.818631 0.021723 0.039796 -0.572528
29.983378 0.818631 0.021723 0.039796 -0.572528
29.983378 0.818631 0.021723 0.039796 -0.572528
29.983378 0.818631 0.021723 0.039796 -0.572528
29.983378 0.818631 0.021723 0.039796 -0.572528
29.983378 0.818631 0.021723 0.039796 -0.572528
29.983378 0.818631 0.021723 0.039796 -0.572528
29.983378 0.818631 0.021723 0.039796 -0.572528
29.983378 0.818631 0.021723 0.039796 -0.572528
29.983378 0.818631 0.021723 0.039796 -0.572528
29.983378 0.818631 0.021723 0.039796 -0.572528
29.983378 0.818631 0.021723 0.039796 -0.572528
29.983378 0.818631 0.021723 0.039796 -0.572528
29.983378 0.818631 0.021723 0.039796 -0.572528
29.983378 0.818631 0.021723 0.039796 -0.572528
29.983378 0.818631 0.021723 0.039796 -0.572528
29.983378 0.818631 0.021723 0.039796 -0.572528
29.983378 0.818631 0.021723 0.039796 -0.572528
29.983378 0.818631 0.021723 0.039796 -0.572528
29.983378 0.818631 0.021723 0.039796 -0.572528
29.983378 0.818631 0.021723 0.039796 -0.572528
29.983378 0.818631 0.021723 0.039796 -0.572528
29.983378 0.818631 0.021723 0.039796 -0.572528
29.983378 0.818631 0.021723 0.039796 -0.572528
29.983378 0.818631 0.021723 0.039796 -0.572528
29.983378 0.818631 0.021723 0.039796 -0.572528
29.983378 0.818631 0.021723 0.039796 -0.572528
29.983378 0.818631 0.021723 0.039796 -0.572528
29.983378 0.818631 0.021723 0.039796 -0.572528
29.983378 0.818631 0.021723 0.039796 -0.572528
29.983378 0.818631 0.021723 0.039796 -0.572528
29.983378 0.818631 0.021723 0.039796 -0.572528
29.983378 0.818631 0.021723 0.039796 -0.572528
29.983378 0.818631 0.021723 0.039796 -0.572528
29.983378 0.818631 0.021723 0.039796 -0.572528
29.983378 0.818631 0.021723 0.039796 -0.572528
29.983378 0.818631 0.021723 0.039796 -0.572528
29.983378 0.818631 0.021723 0.039796 -0.572528
29.983378 0.818631 0.021723 0.039796 -0.572528
29.983378 0.818631 0.021723 0.039796 -0.572528
29.983378 0.818631 0.021723 0.039796 -0.572528
29.983378 0.818631 0.021723 0.039796 -0.572528
29.983378 0.818631 0.021723 0.039796 -0.572528
29.983378 0.818631 0.021723 0.039796 -0.572528
29.983378 0.818631 0.021723 0.039796 -0.572528
29.983378 0.818631 0.021723 0.039796 -0.572528
29.983378 0.818631 0.021723 0.039796 -0.572528
29.983378 0.818631 0.021723 0.039796 -0.572528
29.983378 0.818631 0.021723 0.039796 -0.572528
29.983378 0.818631 0.021723 0.039796 -0.572528
29.983378 0.818631 0.021723 0.039796 -0.572528
29.983378 0.818631 0.021723 0.039796 -0.572528
29.983378 0.818631 0.021723 0.039796 -0.572528
29.983378 0.818631 0.021723 0.039796 -0.572528
29.983378 0.818631 0.021723 0.039796 -0.572528
29.983378 0.818631 0.021723 0.039796 -0.572528
29.983378 0.818631 0.021723 0.039796 -0.572528
29.983378 0.818631 0.021723 0.039796 -0.572528
29.983378 0.818631 0.021723 0.039796 -0.572528
29.983378 0.818631 0.021723 0.039796 -0.572528
29.983378 0.818631 0.021723 0.039796 -0.572528
29.983378 0.818631 0.021723 0.039796 -0.572528
29.983378 0.818631 0.021723 0.039796 -0.572528
29.983378 0.818631 0.021723 0.039796 -0.572528
29.983378 0.818631 0.021723 0.039796 -0.572528
29.983378 0.818631 0.021723 0.039796 -0.572528
29.983378 0.818631 0.021723 0.039796 -0.572528
29.983378 0.818631 0.021723 0.039796 -0.572528
29.983378 0.818631 0.021723 0.039796 -0.572528
29.983378 0.818631 0.021723 0.039796 -0.572528
29.983378 0.818631 0.021723 0.039796 -0.572528
29.983378 0.818631 0.021723 0.039796 -0.572528
29.983378 0.818631 0.021723 0.039796 -0.572528
29.983378 0.818631 0.021723 0.039796 -0.572528
29.983378 0.818631 0.021723 0.039796 -0.572528
29.983378 0.818631 0.021723 0.039796 -0.572528
29.983378 0.818631 0.021723 0.039796 -0.572528
29.983378 0.818631 0.021723 0.039796 -0.572528
29.983378 0.818631 0.021723 0.039796 -0.572528
29.983378 0.818631 0.021723 0.039796 -0.572528
29.983378 0.818631 0.021723 0.039796 -0.572528
29.983378 0.818631 0.021723 0.039796 -0.572528
29.983378 0.818631 0.021723 0.039796 -0.572528
29.983378 0.818631 0.021723 0.039796 -0.572528
29.983378 0.818631 0.021723 0.039796 -0.572528
29.983378 0.818631 0.021723 0.039796 -0.572528
29.983378 0.818631 0.021723 0.039796 -0.572528
29.983378 0.818631 0.021723 0.039796 -0.572528
29.983378 0.818631 0.021723 0.039796 -0.572528
29.983378 0.818631 0.021723 0.039796 -0.572528
29.983378 0.818631 0.021723 0.039796 -0.572528
29.983378 0.818631 0.021723 0.039796 -0.572528
29.983378 0.818631 0.021723 0.039796 -0.572528
29.983378 0.818631 0.021723 0.039796 -0.572528
29.983378 0.818631 0.021723 0.039796 -0.572528
29.983378 0.818631 0.021723 0.039796 -0.572528
29.983378 0.818631 0.021723 0.039796 -0.572528
29.983378 0.818631 0.021723 0.039796 -0.572528
29.983378 0.818631 0.021723 0.039796 -0.572528
29.983378 0.818631 0.021723 0.039796 -0.572528
29.983378 0.818631 0.021723 0.039796 -0.572528
29.983378 0.818631 0.021723 0.039796 -0.572528
29.983378 0.818631 0.021723 0.039796 -0.572528
29.983378 0.818631 0.021723 0.039796 -0.572528
29.983378 0.818631 0.021723 0.039796 -0.572528
29.983378 0.818631 0.021723 0.039796 -0.572528
29.983378 0.818631 0.021723 0.039796 -0.572528
29.983378 0.818631 0.021723 0.039796 -0.572528
29.983378 0.818631 0.021723 0.039796 -0.572528
29.983378 0.818631 0.021723 0.039796 -0.572528
29.983378 0.818631 0.021723 0.039796 -0.572528
29.983378 0.818631 0.021723 0.039796 -0.572528
29.983378 0.818631 0.021723 0.039796 -0.572528
29.983378 0.818631 0.021723 0.039796 -0.572528
29.983378 0.818631 0.021723 0.039796 -0.572528
29.983378 0.818631 0.021723 0.039796 -0.572528
29.983378 0.818631 0.021723 0.039796 -0.572528
29.983378 0.818631 0.021723 0.039796 -0.572528
29.983378 0.818631 0.021723 0.039796 -0.572528
29.983378 0.818631 0.021723 0.039796 -0.572528
29.983378 0.818631 0.021723 0.039796 -0.572528
29.983378 0.818631 0.021723 0.039796 -0.572528
29.983378 0.818631 0.021723 0.039796 -0.572528
29.983378 0.818631 0.021723 0.039796 -0.572528
29.983378 0.818631 0.021723 0.039796 -0.572528
29.983378 0.818631 0.021723 0.039796 -0.572528
29.983378 0.818631 0.021723 0.039796 -0.572528
29.983378 0.818631 0.021723 0.039796 -0.572528
29.983378 0.818631 0.021723 0.039796 -0.572528
29.983378 0.818631 0.021723 0.039796 -0.572528
29.983378 0.818631 0.021723 0.039796 -0.572528
29.983378 0.818631 0.021723 0.039796 -0.572528
